-0.184375 0.550615 -0
-0.159673 0.550615 -0.0921875
-0.0921875 0.550615 -0.159673
8.05929e-09 0.550615 -0.184375
0.0921875 0.550615 -0.159673
0.159673 0.550615 -0.0921875
0.184375 0.550615 -2.78399e-08
0.159673 0.550615 0.0921875
0.0921876 0.550615 0.159673
8.57182e-08 0.550615 0.184375
-0.0921874 0.550615 0.159673
-0.159673 0.550615 0.0921876
-0.184375 0.550615 1.43597e-07
-0.278125 0.17597 -0
-0.240863 0.17597 -0.139062
-0.139062 0.17597 -0.240863
1.21572e-08 0.17597 -0.278125
0.139063 0.17597 -0.240863
0.240863 0.17597 -0.139063
0.278125 0.17597 -4.19957e-08
0.240863 0.17597 0.139062
0.139063 0.17597 0.240863
1.29304e-07 0.17597 0.278125
-0.139062 0.17597 0.240863
-0.240863 0.17597 0.139063
-0.278125 0.17597 2.16612e-07
-0.25 -0.321665 -0
-0.216506 -0.321665 -0.125
-0.125 -0.321665 -0.216506
1.09278e-08 -0.321665 -0.25
0.125 -0.321665 -0.216506
0.216506 -0.321665 -0.125
0.25 -0.321665 -3.7749e-08
0.216506 -0.321665 0.125
0.125 -0.321665 0.216506
1.16228e-07 -0.321665 0.25
-0.125 -0.321665 0.216506
-0.216506 -0.321665 0.125
-0.25 -0.321665 1.94707e-07
-0.1 -0.423841 -0
-0.0866025 -0.423841 -0.05
-0.05 -0.423841 -0.0866025
4.37114e-09 -0.423841 -0.1
0.05 -0.423841 -0.0866025
0.0866025 -0.423841 -0.05
0.1 -0.423841 -1.50996e-08
0.0866026 -0.423841 0.05
0.05 -0.423841 0.0866025
4.64912e-08 -0.423841 0.1
-0.0499999 -0.423841 0.0866026
-0.0866025 -0.423841 0.0500001
-0.1 -0.423841 7.78829e-08
