-0.916 1.474 -0
-0.458 1.474 -0.793279
0.458 1.474 -0.793279
0.916 1.474 8.00793e-08
0.458 1.474 0.793279
-0.458 1.474 0.793279
-0.916 1.474 2.76624e-07
-1.388 0.922 -0
-0.694 0.922 -1.20204
0.694 0.922 -1.20204
1.388 0.922 1.21343e-07
0.694 0.922 1.20204
-0.694 0.922 1.20204
-1.388 0.922 4.19164e-07
-1.556 0.202 -0
-0.778 0.202 -1.34754
0.778 0.202 -1.34754
1.556 0.202 1.3603e-07
0.778 0.202 1.34754
-0.778 0.202 1.34754
-1.556 0.202 4.69899e-07
-1.424 -0.41 -0
-0.712 -0.41 -1.23322
0.712 -0.41 -1.23322
1.424 -0.41 1.2449e-07
0.712 -0.41 1.23322
-0.712 -0.41 1.23322
-1.424 -0.41 4.30036e-07
-0.76 -1.01 -0
-0.38 -1.01 -0.658179
0.38 -1.01 -0.658179
0.76 -1.01 6.64413e-08
0.38 -1.01 0.658179
-0.38 -1.01 0.658179
-0.76 -1.01 2.29514e-07
-0.516 0.566 -0
-0.258 0.566 -0.446869
0.258 0.566 -0.446869
0.516 0.566 4.51101e-08
0.258 0.566 0.446869
-0.258 0.566 0.446869
-0.516 0.566 1.55828e-07
-0.64 0.326 -0
-0.32 0.326 -0.554256
0.32 0.326 -0.554256
0.64 0.326 5.59506e-08
0.32 0.326 0.554256
-0.32 0.326 0.554256
-0.64 0.326 1.93275e-07
-0.608 -0.126 -0
-0.304 -0.126 -0.526544
0.304 -0.126 -0.526543
0.608 -0.126 5.31531e-08
0.304 -0.126 0.526544
-0.304 -0.126 0.526544
-0.608 -0.126 1.83611e-07
-0.384 -0.366 -0
-0.192 -0.366 -0.332554
0.192 -0.366 -0.332554
0.384 -0.366 3.35704e-08
0.192 -0.366 0.332554
-0.192 -0.366 0.332554
-0.384 -0.366 1.15965e-07
-0.176 0.174 -0
-0.088 0.174 -0.152421
0.088 0.174 -0.152421
0.176 0.174 1.53864e-08
0.088 0.174 0.152421
-0.088 0.174 0.152421
-0.176 0.174 5.31505e-08
-0.152 -0.126 -0
-0.076 -0.126 -0.131636
0.076 -0.126 -0.131636
0.152 -0.126 1.32883e-08
0.076 -0.126 0.131636
-0.076 -0.126 0.131636
-0.152 -0.126 4.59027e-08
